[ atomtypes ]
;type atnum         mass   charge ptype           sigma  epsilon
DUM_NN2         0       14.01      0.0000  A   0.00000e+00 0.00000e+00
DUM_CN5         0       12.01      0.0000  A   0.00000e+00 0.00000e+00
DUM_NN4         0       14.01      0.0000  A   0.00000e+00 0.00000e+00
DUM_CN4         0       12.01      0.0000  A   0.00000e+00 0.00000e+00
DUM_HN3         0       1.01       0.0000  A   0.00000e+00 0.00000e+00
DUM_NN3A        0       14.01      0.0000  A   0.00000e+00 0.00000e+00
DUM_CN2         0       12.01      0.0000  A   0.00000e+00 0.00000e+00
DUM_NN1         0       14.01      0.0000  A   0.00000e+00 0.00000e+00
DUM_HN1         0       1.01       0.0000  A   0.00000e+00 0.00000e+00
DUM_NN2B        0       14.01      0.0000  A   0.00000e+00 0.00000e+00
DUM_CN3         0       12.01      0.0000  A   0.00000e+00 0.00000e+00
DUM_CN1T        0       12.01      0.0000  A   0.00000e+00 0.00000e+00
DUM_ON1         0       16.00      0.0000  A   0.00000e+00 0.00000e+00
DUM_NN2U        0       14.01      0.0000  A   0.00000e+00 0.00000e+00
DUM_HN2         0       1.01       0.0000  A   0.00000e+00 0.00000e+00
DUM_CN1         0       12.01      0.0000  A   0.00000e+00 0.00000e+00
DUM_CN3T        0       12.01      0.0000  A   0.00000e+00 0.00000e+00
DUM_CN9         0       12.01      0.0000  A   0.00000e+00 0.00000e+00
DUM_HN9         0       1.01       0.0000  A   0.00000e+00 0.00000e+00
DUM_ON1C        0       16.00      0.0000  A   0.00000e+00 0.00000e+00
DUM_NN3         0       14.01      0.0000  A   0.00000e+00 0.00000e+00
DUM_P2          0       30.97      0.0000  A   0.00000e+00 0.00000e+00
DUM_ON3         0       16.00      0.0000  A   0.00000e+00 0.00000e+00
DUM_ON2         0       16.00      0.0000  A   0.00000e+00 0.00000e+00
DUM_CN8B        0       12.01      0.0000  A   0.00000e+00 0.00000e+00
DUM_HN8         0       1.01       0.0000  A   0.00000e+00 0.00000e+00
DUM_CN7         0       12.01      0.0000  A   0.00000e+00 0.00000e+00
DUM_HN7         0       1.01       0.0000  A   0.00000e+00 0.00000e+00
DUM_ON6         0       16.00      0.0000  A   0.00000e+00 0.00000e+00
DUM_CN7B        0       12.01      0.0000  A   0.00000e+00 0.00000e+00
DUM_CN8         0       12.01      0.0000  A   0.00000e+00 0.00000e+00
DUM_NN3G        0       14.01      0.0000  A   0.00000e+00 0.00000e+00
DUM_NN2G        0       14.01      0.0000  A   0.00000e+00 0.00000e+00
DUM_CN5G        0       12.01      0.0000  A   0.00000e+00 0.00000e+00
DUM_ON5         0       16.00      0.0000  A   0.00000e+00 0.00000e+00
DUM_HN5         0       1.01       0.0000  A   0.00000e+00 0.00000e+00
DUM_HA2         0       1.01       0.0000  A   0.00000e+00 0.00000e+00
DUM_HA3         0       1.01       0.0000  A   0.00000e+00 0.00000e+00
DUM_CT3         0       12.01      0.0000  A   0.00000e+00 0.00000e+00
DUM_OB          0       16.00      0.0000  A   0.00000e+00 0.00000e+00
DUM_OH1         0       16.00      0.0000  A   0.00000e+00 0.00000e+00
DUM_H           0       1.01       0.0000  A   0.00000e+00 0.00000e+00
DUM_S           0       32.06      0.0000  A   0.00000e+00 0.00000e+00
DUM_HS          0       1.01       0.0000  A   0.00000e+00 0.00000e+00
DUM_OC          0       16.00      0.0000  A   0.00000e+00 0.00000e+00
DUM_CC          0       12.01      0.0000  A   0.00000e+00 0.00000e+00
DUM_CA          0       12.01      0.0000  A   0.00000e+00 0.00000e+00
DUM_HP          0       1.01       0.0000  A   0.00000e+00 0.00000e+00
DUM_CPH1        0       12.01      0.0000  A   0.00000e+00 0.00000e+00
DUM_NR1         0       14.01      0.0000  A   0.00000e+00 0.00000e+00
DUM_HR3         0       1.01       0.0000  A   0.00000e+00 0.00000e+00
DUM_CPH2        0       12.01      0.0000  A   0.00000e+00 0.00000e+00
DUM_HR1         0       1.01       0.0000  A   0.00000e+00 0.00000e+00
DUM_NR2         0       14.01      0.0000  A   0.00000e+00 0.00000e+00
DUM_CD          0       12.01      0.0000  A   0.00000e+00 0.00000e+00
DUM_CT2         0       12.01      0.0000  A   0.00000e+00 0.00000e+00
DUM_NH3         0       14.01      0.0000  A   0.00000e+00 0.00000e+00
DUM_HC          0       1.01       0.0000  A   0.00000e+00 0.00000e+00
DUM_HA1         0       1.01       0.0000  A   0.00000e+00 0.00000e+00
DUM_O           0       16.00      0.0000  A   0.00000e+00 0.00000e+00
DUM_NH2         0       14.01      0.0000  A   0.00000e+00 0.00000e+00
DUM_NC2         0       14.01      0.0000  A   0.00000e+00 0.00000e+00
DUM_C           0       12.01      0.0000  A   0.00000e+00 0.00000e+00
DUM_CY          0       12.01      0.0000  A   0.00000e+00 0.00000e+00
DUM_CPT         0       12.01      0.0000  A   0.00000e+00 0.00000e+00
DUM_NY          0       14.01      0.0000  A   0.00000e+00 0.00000e+00
DUM_CAI         0       12.01      0.0000  A   0.00000e+00 0.00000e+00
DUM_NR3         0       14.01      0.0000  A   0.00000e+00 0.00000e+00
DUM_HR2         0       1.01       0.0000  A   0.00000e+00 0.00000e+00
DUM_HB1         0       1.01       0.0000  A   0.00000e+00 0.00000e+00
DUM_HB2         0       1.01       0.0000  A   0.00000e+00 0.00000e+00
DUM_CT1         0       12.01      0.0000  A   0.00000e+00 0.00000e+00
DUM_CT2A        0       12.01      0.0000  A   0.00000e+00 0.00000e+00
DUM_SS          0       32.06      0.0000  A   0.00000e+00 0.00000e+00
DUM_CS          0       12.01      0.0000  A   0.00000e+00 0.00000e+00
DUM_CP2         0       12.01      0.0000  A   0.00000e+00 0.00000e+00
DUM_CP3         0       12.01      0.0000  A   0.00000e+00 0.00000e+00